3
36
-1
137 254 14 14
147 254 14 14
157 254 14 14
167 254 14 14
177 254 14 14
187 254 14 14
137 343 14 14 
147 343 14 14 
157 343 14 14 
167 343 14 14 
177 343 14 14 
187 343 14 14 
545 243 14 14 
555 243 14 14 
565 243 14 14 
575 243 14 14 
585 243 14 14 
595 243 14 14 
545 344 14 14
555 344 14 14
565 344 14 14
575 344 14 14
585 344 14 14
595 344 14 14
228 546 14 14
238 546 14 14
248 546 14 14
258 546 14 14
268 546 14 14
278 546 14 14
228 647 14 14
238 647 14 14
248 647 14 14
258 647 14 14
268 647 14 14
278 647 14 14
