49
5
0 0 492 310
500 0 492 310
1000 0 492 310
0 314 492 310
500 314 492 310
1000 314 492 310
0 630 492 310
500 630 492 310
1000 630 492 310
0 944 492 310
500 944 492 310
1000 944 492 310
0 1258 492 310
500 1258 492 310
1000 1258 492 310
0 1574 492 310
500 1574 492 310
1000 1574 492 310
0 1890 492 310
500 1890 492 310
1000 1890 492 310
0 2204 492 310
500 2204 492 310
1000 2204 492 310
0 2519 492 310
500 2519 492 310
1000 2519 492 310
0 2835 492 310
500 2835 492 310
1000 2835 492 310
0 3149 492 310
500 3149 492 310
1000 3149 492 310
0 3465 492 310
500 3465 492 310
1000 3465 492 310
0 3781 492 310
500 3781 492 310
1000 3781 492 310
0 4094 492 310
500 4094 492 310
1000 4094 492 310
0 4409 492 310
500 4409 492 310
1000 4409 492 310
0 4725 492 310
500 4725 492 310
1000 4725 492 310
0 5040 313 501